38008
38015
38027
38033
38037
38041
38054
38058
38062
38063
38069
38072
38074
38075
38086
38087
38092
38093
38112
38120
38122
38125
38139
38151
38157
38159
38160
38167
38183
38194
38213
38214
38215
38217
38240
38242
38252
38273
38289
38295
38296
38300
38301
38312
38318
38320
38325
38331
38349
38358
38381
38386
38394
38402
38421
38440
38464
38465
38467
38492
38493
38498
38499
38513
38530
38533
38542
38561
38567
38571
38575
38578
38589
38590
38599
38605
38627
38648
38660
38666
38674
38681
38683
38690
38691
38695
38704
38713
38723
38730
38734
38743
38746
38759
38773
38775
38776
38778
38787
38793
38801
38805
38809
38810
38834
38862
38871
38873
38874
38878
38881
38885
38888
38905
38908
38911
38922
38927
38936
38943
38948
38973
38975
39000
39022
39024
39028
39068
39077
39081
39092
39117
39121
39122
39123
39124
39127
39138
39181
39197
39198
39212
39214
39241
39249
39259
39294
39306
39330
39334
39347
39358
39364
39366
39374
39378
39390
39399
39413
39426
39427
39433
39434
39440
39441
39446
39447
39458
39459
39461
39466
39478
39479
39486
39496
39508
39511
39526
39531
39544
39547
39556
39565
39567
39580
39583
39591
39604
39609
39610
39621
39630
39633
39636
39639
39641
39645
39651
39655
39662
39665
39676
39679
39681
39699
39706
39729
39738
39740
39745
39758
39761
39775
39780
39803
39810
39827
39829
39842
39846
39849
39855
39881
39928
39934
39943
39958
39960
39963
39967
39969
39972
39986
39991
39995
39996
40011
40012
40016
40019
40025
40037
40039
40041
40051
40075
40077
40083
40092
40099
40106
40108
40112
40114
40141
40142
40145
40169
40177
40182
40183
40191
40192
40197
40203
40221
40225
40233
40236
40243
40256
40258
40260
40268
40271
40277
40282
40291
40308
40314
40315
40324
40326
40329
40335
40341
40342
40351
40352
40360
40381
40384
40391
40405
40415
40470
40472
40473
40492
40540
40551
40554
40560
40572
40589
40612
40619
40623
40627
40629
40636
40638
40645
40650
40652
40667
40672
40683
40684
40690
40694
40711
40715
40726
40727
40738
40742
40751
40765
40773
40774
40776
40790
40791
40793
40811
40836
40839
40841
40844
40850
40856
40858
40859
40871
40877
40890
40892
40898
40906
40907
40911
40920
40921
40930
40933
40934
40949
40963
40986
40997
41001
41010
41018
41025
41030
41032
41037
41038
41042
41057
41075
41079
41086
41094
41097
41100
41105
41118
41138
41147
41151
41154
41164
41177
41179
41190
41214
41223
41225
41230
41236
41243
41244
41249
41251
41252
41265
41272
41279
41299
41326
41327
41336
41337
41343
41353
41357
41362
41374
41381
41382
41392
41401
41407
41409
41415
41424
41444
41449
41455
41458
41462
41466
41473
41474
41476
41480
41485
41489
41503
41536
41540
41543
41550
41556
41563
41568
41570
41572
41588
41591
41615
41620
41621
41624
41645
41656
41671
41674
41678
41688
41694
41698
41706
41708
41717
41721
41731
41733
41741
41746
41751
41752
41756
41770
41792
41801
41813
41814
41824
41826
41831
41837
41840
41847
41855
41881
41884
41888
41928
41934
41953
41955
41956
41968
42013
42019
42023
42038
42066
42067
42070
42072
42075
42085
42087
42089
42090
42098
42105
42117
42119
42124
42127
42131
42133
42136
42139
42158
42160
42161
42165
42170
42173
42174
42183
42192
42193
42230
42241
42250
42252
42261
42267
42283
42288
42306
42307
42312
42325
42338
42343
42347
42359
42390
42395
42399
42417
42431
42449
42452
42464
42471
42509
42522
42544
42546
42557
42564
42573
42583
42587
42597
42605
42623
42636
42641
42646
42652
42653
42662
42665
42667
42668
42669
42670
42671
42689
42703
42711
42722
42734
42742
42744
42750
42758
42760
42761
42762
42767
42770
42771
42775
42807
42811
42821
42849
42854
42857
42877
42884
42885
42906
42915
42920
42921
42932
42935
42937
42941
42946
42952
42959
42961
42962
42967
42969
42970
42977
43007
43033
43047
43048
43056
43059
43060
43061
43064
43071
43072
43080
43088
43091
43094
43099
43107
43115
43118
43129
43147
43155
43159
43162
43163
43166
43183
43203
43210
43231
43249
43266
43269
43281
43283
43310
43311
43316
43323
43332
43338
43349
43350
43351
43359
43367
43378
43389
43397
43399
43422
43432
43437
43438
43440
43445
43478
43482
43486
43497
43498
43513
43514
43523
43537
43566
43568
43574
43576
43578
43588
43593
43594
43597
43613
43618
43619
43626
43662
43665
43675
43701
43704
43721
43734
43738
43744
43758
43764
43816
43820
43822
43825
43826
43833
43842
43844
43863
43866
43894
43895
43906
43915
43928
43948
43962
43994
43998
44012
44015
44016
44019
44022
44034
44086
44087
44101
44102
44110
44113
44114
44117
44118
44127
44138
44140
44146
44151
44152
44172
44178
44191
44202
44205
44217
44219
44225
44231
44241
44248
44269
44286
44293
44303
44312
44325
44332
44381
44383
44389
44392
44395
44402
44420
44424
44449
44452
44454
44456
44468
44479
44483
44487
44490
44511
44518
44522
44525
44530
44539
44548
44553
44557
44568
44574
44581
44587
44589
44593
44594
44599
44613
44629
44630
44642
44643
44656
44668
44681
44685
44688
44689
44692
44711
44721
44723
44728
44731
44737
44752
44754
44760
44768
44770
44783
44810
44817
44823
44825
44828
44835
44838
44840
44843
44850
44856
44865
44910
44916
44937
44941
45024
45027
45028
45029
45039
45059
45087
45091
45099
45109
45134
45147
45158
45177
45201
45215
45219
45231
45236
45254
45272
45277
45309
45320
45329
45340
45342
45345
45360
45361
45363
45380
45389
45391
45397
45399
45402
45403
45414
45417
45419
45421
45426
45433
45443
45455
45461
45465
45467
45472
45482
45487
45490
45495
45501
45519
45535
45543
45553
45566
45567
45605
45607
45648
45657
45682
45728
45735
45746
45748
45753
45765
45766
45769
45773
45792
45795
45801
45804
45830
45838
45847
45855
45858
45859
45881
45889
45898
45902
45907
45912
45934
45938
45940
45949
45965
45979
46001
46002
46004
46013
46036
46042
46043
46052
46054
46065
46076
46088
46096
46115
46121
46124
46137
46152
46159
46167
46170
46171
46177
46179
46183
46192
46195
46204
46210
46213
46215
46219
46221
46228
46241
46243
46244
46257
46261
46264
46277
46287
46303
46323
46331
46340
46345
46357
46360
46375
46387
46389
46396
46419
46432
46455
46477
46503
46505
46514
46520
46528
46533
46540
46554
46565
46570
46575
46578
46595
46605
46618
46620
46628
46643
46662
46667
46670
46671
46683
46696
46699
46700
46719
46744
46761
46769
46771
46777
46779
46794
46798
46808
46811
46834
46844
46873
46885
46894
46917
46918
46919
46927
46966
46978
46980
47003
47011
47015
47022
47023
47025
47026
47042
47044
47056
47065
47073
47075
47080
47083
47091
47095
47109
47121
47135
47138
47148
47153
47166
47176
47185
47190
47200
47208
47218
47220
47221
47226
47231
47233
47240
47242
47245
47246
47253
47266
47274
47297
47300
47301
47305
47308
47311
47327
47338
47343
47344
47354
47363
47364
47378
47403
47407
47415
47422
47429
47446
47484
47487
47494
47498
47506
47509
47510
47529
47533
47535
47536
47546
47549
47553
47559
47560
47562
47564
47572
47582
47588
47596
47599
47602
47604
47605
47628
47649
47665
47673
47687
47692
47694
47704
47712
47721
47736
47737
47738
47762
47767
47768
47785
47791
47809
47810
47814
47820
47824
47826
47836
47845
47846
47849
47867
47878
47885
47897
47902
47906
47922
47925
47929
47950
47952
47966
47971
47975
47977
47980
47985
47992
47993
47995
48000
48004
48008
48011
48015
48024
48028
48046
48050
48063
48072
48074
48078
48097
48098
48099
48100
48102
48108
48116
48122
48129
48135
48137
48138
48142
48146
48161
48164
48168
48170
48185
48212
48230
48234
48237
48239
48243
48246
48249
48250
48254
48257
48268
48272
48292
48293
48305
48306
48307
48309
48313
48320
48349
48354
48372
48378
48382
48387
48391
48402
48412
48420
48421
48423
48432
48434
48435
48438
48447
48453
48472
48475
48481
48485
48491
48493
48504
48529
48530
48531
48532
48534
48535
48541
48546
48558
48567
48568
48569
48574
48583
48614
48621
48633
48644
48660
48663
48665
48671
48679
48688
48696
48712
48716
48725
48726
48730
48732
48739
48749
48754
48755
48756
48761
48769
48792
48793
48799
48800
48804
48809
48810
48813
48818
48825
48835
48839
48857
48879
48881
48883
48886
48887
48894
48900
48913
48916
48925
48926
48929
48931
48933
48962
48969
48971
48977
49000
49013
49015
49022
49032
49043
49044
49063
49078
49085
49090
49095
49099
49118
49141
49152
49154
49159
49162
49173
49180
49185
49189
49206
49211
49221
49225
49232
49250
49270
49273
49280
49285
49290
49300
49304
49306
49337
49357
49370
49373
49380
49382
49389
49403
49408
49411
49429
49432
49434
49447
49448
49462
49466
49488
49492
49493
49500
49504
49507
49526
49530
49533
49540
49546
49558
49572
49579
49589
49597
49599
49600
49602
49604
49609
49633
49635
49640
49645
49657
49663
49677
49684
49693
49697
49698
49708
49718
49733
49738
49739
49755
49768
49770
49773
49784
49788
49793
49794
49810
49817
49836
49840
49843
49846
49848
49856
49860
49872
49900
49901
49903
49914
49919
49931
49936
49938
49946
49951
49954
49955
49956
49966
49982
49983
49993
50005
50006
50009
50027
50054
50067
50069
50079
50089
50111
50138
50148
50154
50155
50161
50172
50174
50176
50183
50185
50191
50212
50213
50221
50222
50227
50254
50256
50260
50263
50273
50276
50284
50287
50290
50292
50301
50318
50354
50356
50357
50370
50385
50401
50407
50408
50424
50431
50436
50437
50449
50452
50460
50472
50474
50479
50480
50486
50488
50496
50505
50521
50539
50543
50545
50546
50551
50554
50562
50580
50582
50588
50591
50604
50605
50626
50630
50637
50648
50661
50662
50685
50686
50687
50689
50708
50734
50735
50741
50747
50763
50764
50765
50766
50775
50776
50778
50793
50822
50828
50841
50850
50855
50856
50858
50880
50884
50885
50890
50900
50902
50913
50952
50959
50965
50975
50978
50990
50995
51013
51031
51034
51043
51047
51049
51053
51054
51068
51073
51075
51076
51085
51087
51093
51094
51099
51109
51112
51116
51125
51140
51142
51160
51162
51165
51173
51175
51176
51182
